625,2400
149.99893317086827,0.008848407167279656,True
169.9908806033752,-0.0056632604821841475,False
189.99623880163563,0.00026658184731220835,False
210.0089230067695,0.00848379990155143,False
229.9919124013276,-0.003821451731250862,False
250.0056556718057,0.007902008415468247,False
270.0054040225406,-0.0007715552333620868,False
289.9999804902595,-0.00320606799703749,False
310.00181970945437,-0.007435256487448603,True
330.0049314031282,0.006749679824278472,False
350.0054823513113,-0.009781269982793437,False
370.0091955062028,-0.0015956459774169544,False
389.99026595025657,0.004445825834436529,False
409.99718160145625,-0.00617670649064759,False
430.0004257135004,-0.008419311600589544,False
449.9974957977497,0.003951025617330364,False
470.00734405965784,0.006109196549517833,True
490.0069963883282,-0.004831700709348652,False
509.99790644329886,0.005614665011588938,False
529.9966829599368,0.007066614195211611,False
549.9946734419317,0.00859390974840918,False
569.9937507433008,0.0007126764606417528,False
590.0007266821307,0.0011317729184568415,False
610.0021276039602,0.0037937912633352645,False
630.0098986976814,-0.006258214544436389,True
149.99694214295624,19.99812921640251,False
169.9976790370049,19.996481543780053,False
190.00835890694717,20.005525582077492,False
209.9918860279124,20.00100274191288,False
230.0068633362815,19.99766150618819,False
249.99265726157492,19.998011850839887,False
270.0029458361968,20.001419902953586,False
289.99615898602644,19.998958413672433,False
310.0031454716678,20.007558125627998,False
330.00202084916765,20.008804803076575,False
349.9933488791488,19.99041425974461,False
370.00699075486983,20.007454972374042,False
390.00872009643086,19.990833028890368,False
410.00623678091114,19.996397636331732,False
429.99919059241523,19.997023494443788,False
450.00577004561563,20.003513439057304,False
469.9959671115906,19.991717260304444,False
489.9939892229705,19.999395991468067,False
509.9994766861314,20.00624746789276,False
530.0010295183558,20.00044991624557,False
550.0006584454045,19.994921325583974,False
569.993064364443,19.99825190424252,False
590.0046776230938,19.996631724574048,False
609.9963392570836,19.996778522810008,False
629.9922098430145,20.004324409609392,False
149.99072797174426,39.999326194781325,False
169.999966700428,40.00386024228896,False
189.99847395553266,39.99603658182109,False
210.00605917974875,40.009703619335816,False
229.995483165179,40.00709858053799,False
249.99946976879832,39.99223492313808,False
269.9901431874634,40.0050171348338,False
290.00769798859443,39.994817055094074,False
310.0061017972104,40.00097940568092,False
329.9990713405159,39.99260335938946,False
350.00085178519083,40.00173224927374,False
370.0073866508344,39.999056320505176,False
389.9901135933973,40.00325095490516,False
409.99048223900115,40.00669231044627,False
430.00103473851857,40.002094277593,False
450.00832016504575,40.00892413295149,False
469.9960625602487,39.99974884034743,False
489.99943731274146,39.999782533527934,False
510.0032718492731,40.00825620762596,False
530.0023329359325,40.0061735875614,False
549.9915903153691,40.00237024380289,False
569.9933679497386,40.00805999635314,False
589.9912563746442,39.99465601515397,False
609.9927951782054,40.00178744445349,False
630.0004123226059,39.99167361755631,False
149.99643986634754,60.00021040316491,False
170.00671684929614,59.99753288408514,False
189.9964745834102,59.99413545197612,False
210.0061873785217,60.006626364464765,False
229.99969606303586,59.99816873503228,False
250.00017391829192,60.00307399557882,False
269.99509657729624,60.005018966969786,False
289.9909175515626,60.007791107979536,False
309.995279476951,60.00999035809097,False
330.00692243210915,60.00650846189912,False
350.0090294271878,59.99102541711896,False
369.99615160270776,59.994181803648615,False
389.9937526611276,59.997075528725134,False
409.9952941382603,60.002120784301546,False
429.996600482793,60.00385269690046,False
450.00640150197836,60.00719681620599,False
470.0017570629161,59.999191397508675,False
489.9940724567251,60.00697180888206,False
509.9983807125202,60.007055602917156,False
530.0085815869461,60.00874230342433,False
549.9932838643161,60.00464176309923,False
570.001216491913,60.00075167853287,False
589.995728691846,59.992295034596275,False
609.9964651800107,59.99887070225057,False
629.9981708751686,60.00713143591873,False
150.0085795688594,79.99011784948003,False
169.99220331875853,80.00276814505335,False
189.99020732255377,79.99423016592404,False
210.00669394706037,79.99465468200977,False
229.99751553702527,79.99647748363098,False
250.0070832081225,80.00171786497077,False
270.00675993417565,80.0026006376062,False
290.00517409109506,80.00394847250358,False
310.00586417110264,79.99838324648759,False
330.007655742037,79.99843609051068,False
350.0023261513605,79.99879303964701,False
370.0099935394179,79.9988819354607,False
389.9970199616633,79.9987279991483,False
409.99085382025106,80.00472996343996,False
429.9920555869582,80.00216216005767,False
450.0037840084815,80.0008881777686,False
469.99220076437865,79.99375886511169,False
490.00074988211776,79.99988917514631,False
510.00679695712915,80.00103115068062,False
530.0078664672313,80.00819201240357,False
549.9909355292176,80.00712771753079,False
569.994709914602,80.00261546870018,False
589.9931265581292,80.00631300757416,False
609.9914719879417,80.006782312468,False
630.0035538976551,79.99087061995674,False
149.99167725378942,100.00093473794793,False
170.00176176568925,99.993796214872,False
189.99047712113608,100.00893675635496,False
209.9948088322647,100.00473956408744,False
229.99447334237107,99.99573918025645,False
250.00058192381863,99.9989090727558,False
269.99343255566623,99.99621094173904,False
290.00255666825257,100.00579317969861,False
309.9918089011367,100.00282805955612,False
330.00301885849774,100.00148028360309,False
350.00164187035415,99.99271171529186,False
369.9998047550088,100.00658628806538,False
390.00935793268826,99.99763808994764,False
409.9935205098743,99.9927456617667,False
430.008395454162,100.00713643006041,False
449.99946099597537,100.00143942735394,False
470.00944403895784,99.99998063965401,False
489.99746030762844,99.99335258030077,False
509.9953638645556,99.99380192764075,False
530.0009951421231,99.99597816540276,False
550.000977208022,99.9925641493533,False
570.0068583989777,99.99534196723864,False
590.0026972644647,100.00171678924004,False
610.0015144930101,99.99600809220092,False
630.005040505539,99.99330543215635,False
150.0074634191659,120.0096382013921,False
170.008178991301,120.00201465741205,False
189.99172728700938,120.00270254821827,False
209.9909845868581,120.0096549185903,False
229.99869154288095,119.99555455009477,False
250.0046349765618,119.99930414240393,False
270.0015106376901,119.99979401459191,False
289.998930087304,120.00524800326731,False
310.00455415822626,120.00062192222836,False
329.9986131480367,120.000441040748,False
349.9969021469264,120.00430743794229,False
369.99913335844394,119.99455743377473,False
390.0024463700336,120.00633131321293,False
410.00612664302423,120.00666531799807,False
430.0053746612148,120.00108970169697,False
450.0003581265722,120.00639584387922,False
469.99523672422526,119.9980836674727,False
489.9922674252254,120.00400104478882,False
509.9959447422358,119.99811511609126,False
530.0036046509126,120.00423725603629,False
550.0083759717112,119.99296489528638,False
570.0038244476203,120.00955564087126,False
590.0077162705132,119.9933997043424,False
610.0084695638853,120.0041021684295,False
629.9956930537921,119.99489188939518,False
149.9923681796351,140.00666043314342,False
170.0095262487789,139.99990067717,False
190.00889395132452,139.99069687724543,False
209.9992038252638,139.9992941779723,False
229.99220827963242,139.99967210851216,False
250.00444348263733,140.0052424427666,False
270.00539649166643,139.9980369191568,False
289.9944592786637,139.9932455019429,False
309.99174433076416,140.00398357508732,False
330.00791424494395,139.9932286238876,False
349.99851283516,140.00300902731883,False
370.0027748174911,140.00001716900525,False
390.0045153457962,139.99244360595708,False
409.99268029682213,139.99096793946367,False
430.00295214727225,139.99415253578766,False
450.00868046180403,140.0003075461602,False
469.99753074143143,139.99376271065074,False
490.0013897418893,139.99263588679614,False
509.9953476374415,139.99084146091582,False
530.0027462163868,140.00936942178865,False
549.9908711894102,139.9946559021119,False
569.998700805815,139.99943023051074,False
590.002947258662,140.00490798730235,False
610.0008841914831,139.99942822227626,False
630.0082750231992,139.99731728394423,False
149.99877401725246,160.0037337129445,False
169.99927394395374,159.99305940746282,False
190.0003663616869,159.9950978034853,False
209.99916240244306,160.0052498539645,False
229.9938870520381,160.00055125503854,False
249.9991878340097,159.99748736599577,False
270.00880386470226,160.00232740863433,False
290.00019548405254,159.9979503543576,False
309.9961003260397,160.00568489851906,False
329.9921446749776,160.00540645836352,False
350.0037585428039,160.00930327595796,False
369.995578129159,159.9937599580153,False
389.99175987748646,159.99801462941406,False
410.00522685738224,159.99014851867656,False
429.99929039905163,160.00021947134059,False
449.99666763585435,159.9997129025365,False
469.993298628664,159.99400787803788,False
490.001409541348,160.0092196202629,False
510.00230523794033,160.0060639980486,False
530.0056309158983,160.00118771168195,False
549.9998866922741,160.00869228261809,False
569.9910985126741,160.00785110959487,False
589.9908775519806,160.0050780908637,False
610.0079130664966,160.00837651817935,False
629.9939012051045,160.0000412540282,False
150.00106319604177,179.99281470846663,False
169.99099171309595,179.99070650048745,False
190.00913148572977,179.9928245808982,False
209.99439248986437,179.99560984229615,False
230.00135631373797,179.99243729318934,False
249.99148351297126,179.99573330644722,False
269.99788717394694,180.0068783176517,False
290.00346316181117,180.00327810361298,False
309.9906358381321,180.0059151215331,False
329.99960251563846,180.00611234339922,False
349.99584277780673,179.99468927417087,False
370.00922021540606,180.0013502239912,False
390.00447423484684,179.99349963982857,False
409.99707093853493,179.9973142061927,False
429.9917883053158,180.0051932421271,False
449.9940295983915,180.00533720420128,False
470.00127783104404,180.0030954360285,False
490.00342823063426,179.99435079742193,False
510.0038271490577,180.00198069306222,False
530.0022696900404,179.99244365884493,False
549.9992479277079,179.993163639285,False
569.9918386624145,180.0020293211311,False
590.0004753187137,180.00415271596802,False
610.0043378979426,179.9918542982523,False
629.9913692267219,180.00577081936333,False
150.00346640739625,200.00165592931248,False
169.99192124317963,199.9936537297274,False
189.99489947664665,200.00546976467203,False
210.00126768600816,200.00641243043466,False
230.00286139190283,199.99973177742848,False
249.99972304579316,199.9955950463826,False
270.00812515226056,200.00687182266154,False
290.00186230107687,199.99898706440825,False
309.9919627352208,199.99735571839187,False
330.00154566361437,199.99667273097435,False
350.00291372327683,199.99789730878334,False
370.0030151767217,200.0003784595453,False
390.00805810792923,199.99756826942235,False
409.9981154690945,199.99359211119392,False
429.9994467064827,199.99974425528652,False
450.00856930659995,199.9979503858328,False
470.0036636237103,200.0007411203834,False
490.00315443049845,200.0066488930754,False
509.9977083831009,200.00602122262848,False
529.9927922735745,199.991499159274,False
549.9984808226568,200.00901167506737,False
569.9967027422161,199.99581402406005,False
589.9991227356434,200.00571651168897,False
609.9916206557637,199.99984324127348,False
630.0091397033991,200.0090913480963,False
149.9968815294873,220.00057840427112,False
169.99125520976852,219.99053899427778,False
189.99635789647635,220.0025637684756,False
210.0059019002501,219.99866600081694,False
229.99991499482346,220.0044913521346,False
250.0081597816604,220.00808416050558,False
269.99001495048617,219.99159191789343,False
290.0057975776269,219.99149455150925,False
309.99605767782083,219.99088877873416,False
329.9991374345136,219.99965927406694,False
349.99779960381085,219.99939419311002,False
369.99564111069304,220.00638040873199,False
390.00107580313704,219.990734872767,False
410.0043588243353,219.99369451413875,False
430.00803342223213,219.99719316403124,False
449.9939864173821,220.00963571775418,False
470.00721256370883,220.00241822596362,False
489.9999410616494,220.0040759378603,False
509.99382703068153,220.00255867465583,False
529.9932018511711,219.9910222426874,False
550.0041845631501,219.99128706859523,False
569.9958067716751,220.00935554830437,False
589.9962832086935,220.0071729818742,False
609.9999657654779,219.99920311469108,False
630.0074099308076,219.99108287230828,False
149.99127140892537,239.99095666516507,False
170.00270312419494,239.9907914903777,False
190.0023081274929,240.00990166849223,False
210.00874503008623,240.002345678001,False
229.99786476620898,239.9969570230361,False
250.00754302205254,240.00579521089492,False
269.9973897126681,239.99667805397326,False
290.00515509294286,240.0055313470471,False
310.0095018320056,239.99380172277213,False
329.9947611106988,240.0015397244649,False
349.9999834518429,240.00875619219923,False
369.99596828119627,239.99404665274636,False
390.0099045404232,239.9914693224311,False
410.00139212505394,240.00670651430465,False
430.0075721422299,239.99351595771515,False
450.0034248269661,239.99967517744346,False
469.993785217127,239.9973844382444,False
490.00390396684105,240.00025091567858,False
510.0007509217396,240.00709363399798,False
529.9992261488507,240.00816042406922,False
550.0089630349976,239.99128907540413,False
569.9917349530688,239.99784035995015,False
589.9980301638709,239.99703054600658,False
609.9978609928806,240.00619110312505,False
630.0071038837463,240.00560188521507,False
150.00554702488904,260.0060194967822,False
169.99323182256782,259.9940802172697,False
190.00499612222748,260.0011441149529,False
210.00568579284192,260.000875620525,False
230.0060163827501,260.00080865393454,False
250.00635591461304,260.008587830477,False
270.0004488559784,259.9989039575889,False
289.99132033829505,260.00924974760505,False
309.99035781130675,259.9967129711188,False
329.9952188614761,259.9976300370949,False
349.99287606629963,260.0050727262395,False
370.00866664821,259.9921500657941,False
390.00029415408073,260.0096958431448,False
410.00071448798076,260.0049794782555,False
429.99637634802934,259.9943543479685,False
449.99813096046415,259.9904675053174,False
470.0065452712519,259.9999314643208,False
489.9951095978288,260.00827470440936,False
509.9998846662581,260.0000300134642,False
529.9984484030695,260.0000854916464,False
549.996035781867,259.9946518679039,False
569.9921951418728,259.9920451700479,False
590.0070041925285,260.00826012084065,False
610.002299197365,259.9954347790475,False
630.0007085929727,259.99674420799516,False
150.0052411444694,279.9947171188404,False
169.99556063217332,280.008248829338,False
190.00689133288012,279.99324357126216,False
209.9952159758867,279.9949249677045,False
229.99284782458335,280.0003404277515,False
249.9988889100315,279.9913192236256,False
269.99795161550594,280.00781709742665,False
289.9961579341414,279.99890300495656,False
310.00512276111124,280.00979862258725,False
329.9985267919024,279.99313629651743,False
350.0080536615098,279.9976301101938,False
370.00561017969295,280.00440797929207,False
390.00505759495263,280.0073687045694,False
410.002381055359,280.000956072753,False
429.99298220605,280.00080213784275,False
450.0070899167162,279.9906206297051,False
470.0015677996772,280.00859624055346,False
489.9990355248062,279.99840918997677,False
510.0027025016493,280.0059275225921,False
529.9924122852507,279.99123890350256,False
550.0036687314758,279.9953958481221,False
570.0061672745555,280.0066859255337,False
590.0064974129814,280.00619555243685,False
609.9968816111286,279.9962232862744,False
630.004145694011,280.0074801167368,False
150.00576159593868,299.99360837844984,False
170.0044297281347,299.99458857274146,False
190.0062806843035,299.9931618475098,False
209.99795291797716,299.99944646268284,False
229.99543256493735,299.9915223637965,False
250.00369959007875,300.0089791669749,False
269.9931301558893,299.99937779757335,False
289.9991179550728,300.0004842347309,False
310.00007388412575,299.9995956075905,False
329.9962141509052,300.0060808696661,False
349.9963517220994,300.0018411746501,False
369.9924393689533,299.9974588610624,False
389.9923837858474,300.00675907924807,False
410.0058985452248,300.002936097177,False
429.99998584613195,299.9935824032872,False
450.00977706648257,300.00026446816423,False
469.9951730096383,300.00414421679733,False
489.9911756927172,300.0013887009285,False
509.99646035728114,300.0013437358128,False
530.0038454113021,300.0013503481637,False
550.0019302893013,299.9965513916509,False
570.0049035509891,300.00810109402545,False
589.9931731107301,300.0092791546537,False
610.0018778662045,300.00628807273006,False
630.0030032875169,300.00731711186614,False
149.99440621025167,319.9906729007959,False
169.9987117381936,320.00518465837564,False
189.99540280007852,319.99788332009734,False
209.9971749515524,319.99834805455157,False
230.00591901314652,319.99685953057906,False
250.0070520808772,319.99357007264734,False
269.9993599566362,319.99688588198,False
290.00122825143507,320.0024061186325,False
310.0087036113397,320.00969083637216,False
329.99073878502634,319.9970353943134,False
350.00468295742417,320.0051020314636,False
369.99452152399886,319.99934282089083,False
390.00014518843017,319.9989703882873,False
410.00788220492444,320.0087971433432,False
429.9956717448165,320.0066940325417,False
449.99385642381856,320.00108455010223,False
470.0074612978022,319.99851088975385,False
489.99947901335105,319.999660355924,False
510.008741060722,319.99085013567304,False
530.007210771171,319.9936759234834,False
549.9967845976412,320.00889308527053,False
569.9922335933101,319.99429329656647,False
590.0084763291414,320.00029519531785,False
610.0055141120183,319.99388892133584,False
630.0076321433905,320.0000618400468,False
149.99004004310441,340.0056720391467,False
170.00804629565113,340.00514377449525,False
189.9994518810362,339.99336032879415,False
210.00960123394796,340.0073059164092,False
230.0003253817919,339.9924476906452,False
250.00178915749862,339.9930338864525,False
270.00189564008474,340.0033934149946,False
289.9900726049243,339.9930040853386,False
309.9928334090807,339.9997070678189,False
330.00537758538934,340.00950181973565,False
349.99799122508506,339.9932477574668,False
370.0021404317957,340.0091022474529,False
390.0066776528037,340.00854164902296,False
410.00640608587446,340.0034511082454,False
430.003013223695,339.9962000641566,False
449.9940112401781,340.0066602133235,False
469.9981304491158,340.0083948239401,False
489.99642774206563,339.99322695430624,False
509.99449624784023,339.99446622492985,False
530.003589674718,340.00347356499316,False
549.9989057791583,339.992522161289,False
569.998112762719,340.008239971292,False
590.0024998914035,340.0004314057986,False
609.9995927650045,339.99509634388534,False
630.009075527633,340.0001269443439,False
150.0003879386711,360.00453926592115,False
170.0052698819381,360.00973761853857,False
189.9933216673933,359.99548452444657,False
210.00218763131343,359.9965792164956,False
230.0070815296691,360.00628600388865,False
249.99398791900185,359.9919181699187,False
270.00694882764634,360.0011483834588,False
289.992737750907,359.9944810373919,False
310.00763739293495,360.0080462765277,False
329.9925204144289,359.99386255024416,False
350.00461688363464,360.00921183330837,False
369.99278451781913,360.0036682522729,False
390.00475996460386,360.0066016313611,False
410.00478500564856,359.99397881820585,False
429.9935376088156,359.9948357837144,False
449.99385010484224,359.99886789601317,False
470.0067201349429,360.0037507690643,False
490.0054959214648,360.0050019983491,False
510.007729608018,359.9905888628899,False
529.9984473023623,359.9906612146619,False
549.9977424340601,359.99663125077683,False
570.001991981644,359.9905583070087,False
589.9950375467957,359.993244062627,False
609.9909489708541,359.9998687574038,False
630.000026197833,360.0067354343492,False
150.0037196446786,379.9913991605587,False
169.9984377805169,379.99938942870773,False
189.99118285973225,380.00172435927277,False
209.99475656638194,380.0010348456307,False
230.00306361155646,380.0054329777028,False
250.00201347264715,379.99002244154013,False
269.9900932930717,379.99771377971143,False
290.0045285679374,379.9955067607996,False
309.9970104797002,379.9915950849425,False
330.0033225314318,379.9906835164976,False
349.99272294044243,379.99200678658366,False
370.0008114924915,379.99103570488717,False
389.9905383217712,379.99255689175635,False
409.9931519028042,379.99711454108655,False
429.9973709740094,380.00472289680977,False
450.0093364191658,379.9941987048249,False
469.9963014689018,379.9907616148126,False
489.9937179102141,379.994767394522,False
509.99020340693676,380.0017602995927,False
530.0081326843854,379.9910290218141,False
549.9979476952758,380.0027609105153,False
569.9906119691691,380.0060064144515,False
589.9983463712697,380.00279235366247,False
610.0053605515775,379.9940920309677,False
630.0095574954935,380.00390105137774,False
149.99263281222176,399.99679557776557,False
169.99842739300317,399.991596704884,False
189.99840512758075,400.0032587108816,False
210.0025813911075,400.00951865938123,False
230.0006729547459,400.006439894478,False
250.009659862272,399.997120624725,False
270.002558736812,399.9984074622661,False
290.0006553838132,399.9991269915927,False
309.99415464524196,399.9963504974857,False
329.99625951091036,400.0067614751531,False
349.99518378384164,399.9944974324045,False
369.9905956955633,399.9947959421962,False
389.9938636455056,400.008694288171,False
410.0035978155178,399.99415526255547,False
429.99980830357106,400.0053671594092,False
450.00870842265977,399.99229431969076,False
470.0042377553628,400.00700724968567,False
489.9931231371449,399.999048485193,False
509.99638608316644,399.99541386901177,False
529.9961688708613,400.00466959050266,False
549.993328661755,399.9910084773423,False
569.9999208736187,399.9950351070192,False
590.0077237431068,399.99285893246264,False
610.0054977251339,400.004323357249,False
630.0019991189961,399.9988581879848,False
150.00123724025792,419.99785816762846,False
170.0017008748406,419.9986566531024,False
189.99081235027305,420.00820230682257,False
209.99585449341862,419.9959043028779,False
230.00606646865,420.0095470074857,False
250.00691576296623,419.9984209390332,False
269.99835892957367,420.00089069735526,False
290.00873299439206,419.99928005842446,False
310.0031753451452,420.0055997988736,False
330.00413562329993,420.00184619938074,False
349.9949651051351,420.008231898159,False
369.9952017319892,419.9940171080365,False
390.008719759014,420.0008001957882,False
410.00362449659355,420.0086011465028,False
429.99117716212004,419.9927100472455,False
449.9990378171528,420.00226835986797,False
469.9941220475133,419.9934151565109,False
489.9980976100766,419.9922921337451,False
509.99442774299143,419.9926006160565,False
529.9954250952544,420.0094209244685,False
549.994910165306,420.00598605493,False
570.0071356707443,420.00601933468323,False
590.0002510029037,419.99109823021837,False
609.9901951907457,420.0013897536269,False
629.9980607683327,420.0058166343253,False
149.99447721456923,439.99286258930226,False
170.00497351793774,440.008993381209,False
190.00932945513375,439.9927382305829,False
210.00205650383234,439.99347054079124,False
229.9930011155537,440.00384771383614,False
249.9909293836687,439.9911820512273,False
269.9956999824064,439.99652878375815,False
289.9933641654901,440.0072469152702,False
310.0035847173131,440.0036813397538,False
329.99119724073415,439.9999852001082,False
350.00355487178973,439.9902601949849,False
369.9989243615706,439.9924805788237,False
389.999390567698,439.9994275198686,False
409.99271342747636,440.0089604737553,False
429.99675753547206,440.0049373016914,False
450.0074383147832,439.9983050708627,False
470.0030173432364,440.0012220154462,False
489.99715663660464,440.00650380993113,False
510.00913342372917,440.0013038904154,False
530.0009700887153,440.0086625278443,False
550.0014340013909,439.99704532344964,False
569.9928901129263,440.00335807770045,False
589.9976247372848,440.00132200201176,False
609.9922724088985,439.99676877876635,False
630.0045391903344,439.99401658609116,False
149.99045403260897,460.00694525669473,False
169.99082887963726,459.99569966982625,False
189.99144900432174,459.99482669748556,False
210.00768779554775,460.007657877764,False
230.00203164557027,460.00602127262283,False
250.0002509859931,459.99018362342986,False
270.00693509287794,459.99958209273666,False
289.9928243997386,460.0043173804251,False
310.0018888628593,459.99682252320684,False
329.9924223431907,459.9964431667233,False
349.99349512352046,459.9999047460175,False
369.9990589762294,460.0002262298796,False
389.9982442656742,460.0059840217682,False
410.0035719306064,460.00650101133607,False
430.00875990657954,459.9996847878516,False
449.9905156017884,460.00703612238306,False
469.9909583232683,459.9904283978324,False
490.0044589411685,459.9917013434799,False
510.00581220199336,459.99675876341337,False
530.0012871650804,459.99825962486386,False
550.0040369753407,460.00174246279903,False
569.9995848115082,460.0033154463712,False
589.9968406174253,460.006428946834,False
609.9984128129938,459.9957012763022,False
630.0003241887239,459.9986927789417,False
150.00103706524348,480.00182908853753,False
169.99616880960653,479.99530356322856,False
190.00610160212887,480.00878577964164,False
210.00535934620376,479.99535628215654,False
229.9994176409486,480.00185040437793,False
249.99625100797135,479.99833650473926,False
269.99806695626603,480.00392119260147,False
290.0019766348284,480.00827245029996,False
309.9914544684073,480.0060822037558,False
329.9976697504326,480.00366415463907,False
350.0027225504741,480.00241624548846,False
370.0087912293012,480.0057395353535,False
389.99923472833433,479.9998807370658,False
409.99257776005476,479.99879264902967,False
429.9976242640284,479.99202878744705,False
449.9985987852483,479.9952856448903,False
470.0055137574096,480.000837083881,False
489.998451619867,479.99360575288455,False
509.99007426229355,480.0009144852375,False
529.9999369714619,480.0010916742481,False
549.9905124341922,480.00180487653984,False
570.0053631955252,480.00381922784703,False
590.0099378437384,479.99365201893426,False
609.9970995510605,479.9949623436657,False
630.0071815816779,480.0060794891443,False
0,25,19.98928090839318
0,1,19.99195269933925
1,26,20.002145959605798
1,0,19.99195269933925
1,2,20.00535907710072
2,27,20.00526267168825
2,1,20.00535907710072
2,3,20.012685892130698
3,28,19.992526201191545
3,2,20.012685892130698
3,4,19.982993183260593
4,29,20.001488545765735
4,3,19.982993183260593
4,5,20.01374670410629
5,30,19.990114068480505
5,4,20.01374670410629
5,6,19.999750231526114
6,31,20.0021916092374
6,5,19.999750231526114
6,7,19.994576615930402
7,32,20.002164846727325
7,6,19.994576615930402
7,8,20.00183966630465
8,33,20.014993426023665
8,7,20.00183966630465
8,9,20.00311672320112
9,34,20.002055335013644
9,8,20.00311672320112
9,10,20.000557779801284
10,35,20.00019921021975
10,9,20.000557779801284
10,11,20.0037148296915
11,36,20.009050739819703
11,10,20.0037148296915
11,12,19.981071357402772
12,37,19.986395722740728
12,11,19.981071357402772
12,13,20.006918471179205
13,38,20.002576392465325
13,12,20.006918471179205
13,14,20.003244237755723
14,39,20.005442844172105
14,13,20.003244237755723
14,15,19.997073910440513
15,40,19.999564125056793
15,14,19.997073910440513
15,16,20.009848378293366
16,41,19.98561130195855
16,15,20.009848378293366
16,17,19.999655321303
17,42,20.00423192094184
17,16,19.999655321303
17,18,19.99091278437488
18,43,20.000632864520785
18,17,19.99091278437488
18,19,19.998776569345107
19,44,19.993383774520918
19,18,19.998776569345107
19,20,19.997990540316515
20,45,19.98632831195482
20,19,19.997990540316515
20,21,19.99907885428662
21,46,19.997539239561227
21,20,19.99907885428662
21,22,20.006975943219413
22,47,19.99550034199178
22,21,20.006975943219413
22,23,20.001401098975617
23,48,19.992985569464555
23,22,20.001401098975617
23,24,20.007773618810425
24,49,20.010590442404908
24,23,20.007773618810425
25,0,19.98928090839318
25,50,20.001197943719113
25,26,20.000736961916783
26,1,20.002145959605798
26,51,20.007378829295753
26,25,20.000736961916783
26,27,20.010681913716517
27,2,20.00526267168825
27,52,19.990513443709595
27,26,20.010681913716517
27,28,19.983527632788853
28,3,19.992526201191545
28,53,20.008705897194307
28,27,19.983527632788853
28,29,20.014977587256666
29,4,20.001488545765735
29,54,20.009440310529893
29,28,20.014977587256666
29,30,19.985793928364135
30,5,19.990114068480505
30,55,19.994224232889756
30,29,19.985793928364135
30,31,20.010288864843034
31,6,20.0021916092374
31,56,20.003601328838272
31,30,20.010288864843034
31,32,19.993213301354327
32,7,20.002164846727325
32,57,19.995861970825285
32,31,19.993213301354327
32,33,20.00698833387176
33,8,20.014993426023665
33,58,19.993421498621338
33,32,20.00698833387176
33,34,19.998875416357173
34,9,20.002055335013644
34,59,19.98379877397924
34,33,19.998875416357173
34,35,19.99133648894927
35,10,20.00019921021975
35,60,20.011319396073098
35,34,19.99133648894927
35,36,20.013649130418493
36,11,20.009050739819703
36,61,19.99160135205112
36,35,20.013649130418493
36,37,20.001736248187772
37,12,19.986395722740728
37,62,20.01242657569125
37,36,20.001736248187772
37,38,19.99751745869779
38,13,20.002576392465325
38,63,20.010300876060995
38,37,19.99751745869779
38,39,19.992953821300006
39,14,20.005442844172105
39,64,20.005070868149534
39,38,19.992953821300006
39,40,20.006580505838613
40,15,19.999564125056793
40,65,20.005410856427943
40,39,20.006580505838613
40,41,19.990200546426397
41,16,19.98561130195855
41,66,20.008031580270657
41,40,19.990200546426397
41,42,19.9980235855985
42,17,20.00423192094184
42,67,20.000387284087566
42,41,19.9980235855985
42,43,20.00548863640716
43,18,20.000632864520785
43,68,20.00200909977862
43,42,20.00548863640716
43,44,20.001553672449308
44,19,19.993383774520918
44,69,20.00572371377611
44,43,20.001553672449308
44,45,19.999629691195693
45,20,19.98632831195482
45,70,20.007450973227993
45,44,19.999629691195693
45,46,19.99240619646264
46,21,19.997539239561227
46,71,20.009808094413593
46,45,19.99240619646264
46,47,20.011613324237338
47,22,19.99550034199178
47,72,19.998028794272063
47,46,20.011613324237338
47,48,19.99166163452876
48,23,19.992985569464555
48,73,20.005009235577237
48,47,19.99166163452876
48,49,19.995872009735017
49,24,20.010590442404908
49,74,19.987350891028246
49,48,19.995872009735017
50,25,20.001197943719113
50,75,20.000885023991003
50,51,20.00923924238609
51,26,20.007378829295753
51,76,19.993673781269383
51,50,20.00923924238609
51,52,19.99850878546041
52,27,19.990513443709595
52,77,19.998098970101754
52,51,19.99850878546041
52,53,20.007589892143038
53,28,20.008705897194307
53,78,19.996922745539884
53,52,20.007589892143038
53,54,19.989424155175687
54,29,20.009440310529893
54,79,19.991070598405194
54,53,19.989424155175687
54,55,20.003992125725624
55,30,19.994224232889756
55,80,20.010839084829694
55,54,20.003992125725624
55,56,19.990677505193712
56,31,20.003601328838272
56,81,20.000002445537692
56,55,19.990677505193712
56,57,20.017557399890503
57,32,19.995861970825285
57,82,20.012981087897266
57,56,20.017557399890503
57,58,19.99840475805586
58,33,19.993421498621338
58,83,20.009013879156587
58,57,19.99840475805586
58,59,19.99297129787597
59,34,19.98379877397924
59,84,20.013906642429937
59,58,19.99297129787597
59,60,20.00178252790512
60,35,20.011319396073098
60,85,19.989294840586354
60,59,20.00178252790512
60,61,20.006535044599968
61,36,19.99160135205112
61,86,19.995128639570154
61,60,20.006535044599968
61,62,19.982727382817085
62,37,20.01242657569125
62,87,19.993824904992575
62,61,19.982727382817085
62,63,20.000368941671567
63,38,20.010300876060995
63,88,19.995429052846976
63,62,20.000368941671567
63,64,20.010553027786337
64,39,20.005070868149534
64,89,20.00175891082983
64,63,20.010553027786337
64,65,20.007286592275598
65,40,20.005410856427943
65,90,19.998272775294147
65,64,20.007286592275598
65,66,19.987744501143364
66,41,20.008031580270657
66,91,19.99944336786784
66,65,19.987744501143364
66,67,20.003374752521164
67,42,20.000387284087566
67,92,20.007189994637553
67,66,20.003374752521164
67,68,20.003836331266292
68,43,20.00200909977862
68,93,19.99879999340756
68,67,20.003836331266292
68,69,19.999061195097116
69,44,20.00572371377611
69,94,20.002569691878534
69,68,19.999061195097116
69,70,19.989257741266535
70,45,20.007450973227993
70,95,20.002271590990894
70,69,19.989257741266535
70,71,20.001778443629703
71,46,20.009808094413593
71,96,19.99269322273297
71,70,20.001778443629703
71,72,19.99789291704714
72,47,19.998028794272063
72,97,19.997639519541863
72,71,19.99789291704714
72,73,20.001540074895413
73,48,20.005009235577237
73,98,19.997083594569023
73,72,20.001540074895413
73,74,20.007619700664197
74,49,19.987350891028246
74,99,20.015457943867585
74,73,20.007619700664197
75,50,20.000885023991003
75,100,19.98991113248435
75,76,20.010277162084257
76,51,19.993673781269383
76,101,20.005240525653637
76,75,20.010277162084257
76,77,19.989758022825523
77,52,19.998098970101754
77,102,20.00009569590721
77,76,19.989758022825523
77,78,20.009716693790146
78,53,19.996922745539884
78,103,19.988028323964137
78,77,20.009716693790146
78,79,19.99351047338207
79,54,19.991070598405194
79,104,19.998308867476098
79,78,19.99351047338207
79,80,20.00047845678121
80,55,20.010839084829694
80,105,19.99864506292999
80,79,20.00047845678121
80,81,19.994922753601173
81,56,20.000002445537692
81,106,19.997585071894743
81,80,19.994922753601173
81,82,19.995821166425632
82,57,20.012981087897266
82,107,19.99616244672284
82,81,19.995821166425632
82,83,20.004362046279585
83,58,20.009013879156587
83,108,19.988395690916644
83,82,20.004362046279585
83,84,20.011643258071835
84,59,20.013906642429937
84,109,19.991927642060578
84,83,20.011643258071835
84,85,20.002112987563322
85,60,19.989294840586354
85,110,20.00776874543957
85,84,20.002112987563322
85,86,19.987122424749845
86,61,19.995128639570154
86,111,20.004704920666395
86,85,19.987122424749845
86,87,19.997601267786067
87,62,19.993824904992575
87,112,20.001652737282434
87,86,19.997601267786067
87,88,20.00154211344876
88,63,19.995429052846976
88,113,20.00260967198471
88,87,20.00154211344876
88,89,20.001306419515814
89,64,20.00175891082983
89,114,19.998309979602805
89,88,20.001306419515814
89,90,20.00980129862678
90,65,19.998272775294147
90,115,19.99369153289846
90,89,20.00980129862678
90,91,19.995357163478047
91,66,19.99944336786784
91,116,19.994569751294236
91,90,19.995357163478047
91,92,19.992316907760685
92,67,20.007189994637553
92,117,19.992918481359357
92,91,19.992316907760685
92,93,20.004308255970578
93,68,19.99879999340756
93,118,19.99397731912629
93,92,20.004308255970578
93,94,20.0102009455136
94,69,20.002569691878534
94,119,19.9994497217645
94,93,20.0102009455136
94,95,19.984702698052594
95,70,20.002271590990894
95,120,20.002486092281373
95,94,19.984702698052594
95,96,20.007933005765867
96,71,19.99269322273297
96,121,20.00186484845737
96,95,20.007933005765867
96,97,19.99451398829425
97,72,19.997639519541863
97,122,20.014018142136823
97,96,19.99451398829425
97,98,20.00073756910994
98,73,19.997083594569023
98,123,20.007912233270133
98,97,20.00073756910994
98,99,20.00170740100543
99,74,20.015457943867585
99,124,19.983739909050737
99,98,20.00170740100543
100,75,19.98991113248435
100,125,20.010824026812262
100,101,19.983627753926722
101,76,20.005240525653637
101,126,19.991030354941312
101,100,19.983627753926722
101,102,19.99800582640425
102,77,20.00009569590721
102,127,20.014706592249365
102,101,19.99800582640425
102,103,20.016486629008234
103,78,19.988028323964137
103,128,20.01008841169642
103,102,20.016486629008234
103,104,19.990821673068176
104,79,19.998308867476098
104,129,19.999261928007716
104,103,19.990821673068176
104,105,20.009568357308876
105,80,19.99864506292999
105,130,19.99719226460085
105,104,20.009568357308876
105,106,19.99967674553564
106,81,19.997585071894743
106,131,19.993614746026903
106,105,19.99967674553564
106,107,19.998414202339482
107,82,19.99616244672284
107,132,20.001844878451795
107,106,19.998414202339482
107,108,20.00069085427437
108,83,19.988395690916644
108,133,20.004449750735915
108,107,20.00069085427437
108,109,20.001791571004166
109,84,19.991927642060578
109,134,20.00304473052782
109,108,20.001791571004166
109,110,19.99467041250964
110,85,20.00776874543957
110,135,19.993918687354423
110,109,19.99467041250964
110,111,20.007667388254912
111,86,20.004704920666395
111,136,20.007706946888337
111,110,20.007667388254912
111,112,19.987026422838174
112,87,20.001652737282434
112,137,19.998913896644606
112,111,19.987026422838174
112,113,19.993834759454884
113,88,20.00260967198471
113,138,19.98801587621418
113,112,19.993834759454884
113,114,20.00120193153759
114,89,19.998309979602805
114,139,20.004980943123446
114,113,20.00120193153759
114,115,20.01172846207528
115,90,19.99369153289846
115,140,20.000551716783388
115,114,20.01172846207528
115,116,19.98841802731095
116,91,19.994569751294236
116,141,20.006229205492215
116,115,19.98841802731095
116,117,20.008550056855185
117,92,19.992918481359357
117,142,19.99346367577541
117,116,20.008550056855185
117,118,20.006047107604243
118,93,19.99397731912629
118,143,19.99277404603165
118,117,20.006047107604243
118,119,20.00107079198211
119,94,19.9994497217645
119,144,19.987787334098165
119,118,20.00107079198211
119,120,19.983069090328353
120,95,20.002486092281373
120,145,19.98543895454217
120,119,19.983069090328353
120,121,20.003774894298108
121,96,20.00186484845737
121,146,19.992730189522252
121,120,20.003774894298108
121,122,19.99841698534911
122,97,20.014018142136823
122,147,19.995406072152612
122,121,19.99841698534911
122,123,19.998345435319138
123,98,20.007912233270133
123,148,19.989228302389446
123,122,19.998345435319138
123,124,20.01208823544002
124,99,19.983739909050737
124,149,20.002434867442958
124,123,20.01208823544002
125,100,20.010824026812262
125,150,20.008709690808644
125,126,20.010085785220543
126,101,19.991030354941312
126,151,20.00821947163675
126,125,20.010085785220543
126,127,19.9887210895813
127,102,20.014706592249365
127,152,19.993765830948362
127,126,19.9887210895813
127,128,20.004332151443833
128,103,20.01008841169642
128,153,20.00491572003434
128,127,20.004332151443833
128,129,19.999666535312954
129,104,19.999261928007716
129,154,19.999815814672807
129,128,19.999666535312954
129,130,20.006108832576324
